481
1 太阳西边下，月亮东边挂。(猜一个字) 0 0 0 0 0 0 0 0
2 我没有他有，天没有地有。(猜一个字) 0 0 0 0 0 0 0 0
3 半个月。(猜一个字) 0 0 0 0 0 0 0 0
4 桥头奇遇。(猜一个字) 0 0 0 0 0 0 0 0
5 一道一道又一道，短上长下中间小，父母有个独生子，一家几口它代表。(猜一个字) 0 0 0 0 0 0 0 0
6 一点一横长，方砖顶房梁大口张着嘴，小口里面藏。(猜一个字) 0 0 0 0 0 0 0 0
7 画时圆，写时方，冬时短，夏时长。(猜一个字) 0 0 0 0 0 0 0 0
8 粗看一个口，细看四个口，其实有十口，农村到处有。(猜一个字) 0 0 0 0 0 0 0 0
9 一条狗，两只口，谁见它，都发愁。(猜一个字) 0 0 0 0 0 0 0 0
10 一字四个口，五谷它都有。(猜一个字) 0 0 0 0 0 0 0 0
11 牛角边上来一刀。(猜一个字) 0 0 0 0 0 0 0 0
12 打雷不下雨。(猜一个字) 0 0 0 0 0 0 0 0
13 有水大无边，有雨长白斑，有人要受气，有树花耐寒。(猜一个字) 0 0 0 0 0 0 0 0
14 黑狗不叫。(猜一个字) 0 0 0 0 0 0 0 0
15 多一半。(猜一个字) 0 0 0 0 0 0 0 0
16 漆黑看不见，要靠声音辨。(猜一个字) 0 0 0 0 0 0 0 0
17 富有穷没有，里有外没有，画有字没有，鱼有鸟没有。(猜一个字) 0 0 0 0 0 0 0 0
18 又进一球。(猜一个字) 0 0 0 0 0 0 0 0
19 四个大山山对山，四个大川川对川。(猜一个字) 0 0 0 0 0 0 0 0
20 胡子两边翘，又像怪眉毛；每逢中秋节，它来把月邀。(猜一个字) 0 0 0 0 0 0 0 0
21 二人不分家，自古人人夸；从来讲信义，博爱传天下。(猜一个字) 0 0 0 0 0 0 0 0
22 听有、看无，古有、今无，叶有、花无，跳有、走无，高有、低无，后有、前无，凉有、热无，哭有、笑无，哑有、聋无。(猜一个字) 0 0 0 0 0 0 0 0
23 远看像个字，近看不是字，字上添两点，你猜是啥字。(猜一个字) 0 0 0 0 0 0 0 0
24 上八不是八，下八才是八十字架中间，人人需要它。(猜一个字) 0 0 0 0 0 0 0 0
25 九头鸟。(猜一个字) 0 0 0 0 0 0 0 0
26 加一笔不好，加一倍不少。(猜一个字) 0 0 0 0 0 0 0 0
27 头是一，腰是一，其实不是一。(猜一个字) 0 0 0 0 0 0 0 0
28 山字尖对尖，四口紧相连，老王当中坐，双日分两边。(猜一个字) 0 0 0 0 0 0 0 0
29 田里长了草，细看不是草。(猜一个字) 0 0 0 0 0 0 0 0
30 九十九（多了一就成百）。(猜一个字) 0 0 0 0 0 0 0 0
31 左看马靠它，右看它靠马，左右一起看，脚踏万里沙。(猜一个字) 0 0 0 0 0 0 0 0
32 翻身得自由。(猜一个字) 0 0 0 0 0 0 0 0
33 一阴一阳，一短一长，一昼一夜，一热一凉。(猜一个字) 0 0 0 0 0 0 0 0
34 二小姐。(猜一个字) 0 0 0 0 0 0 0 0
35 一网捕三虫，一只落网中，一只飞向西，一直飞向东。(猜一个字) 0 0 0 0 0 0 0 0
36 水落石出。(猜一个字) 0 0 0 0 0 0 0 0
37 夜里有，白天没，梦里有，醒时没。(猜一个字) 0 0 0 0 0 0 0 0
38 萤火虫。(猜一个字) 0 0 0 0 0 0 0 0
39 有水能养鱼虾，有土能种庄稼，有人不是你我，有马大步飞跨。(猜一个字) 0 0 0 0 0 0 0 0
40 大雨落在横山上。(猜一个字) 0 0 0 0 0 0 0 0
41 远看是头牛，近看没有头。(猜一个字) 0 0 0 0 0 0 0 0
42 一人在内。(猜一个字) 0 0 0 0 0 0 0 0
43 一大二小。(猜一个字) 0 0 0 0 0 0 0 0
44 一人一张口，口下长只手。(猜一个字) 0 0 0 0 0 0 0 0
45 二人土堆上蹲。(猜一个字) 0 0 0 0 0 0 0 0
46 因为自大一点，搞得人人讨厌。(猜一个字) 0 0 0 0 0 0 0 0
47 十个哥哥。(猜一个字) 0 0 0 0 0 0 0 0
48 十一点进厂。(猜一个字) 0 0 0 0 0 0 0 0
49 七十二小时。(猜一个字) 0 0 0 0 0 0 0 0
50 三面墙一面空，小孩子在当中。(猜一个字) 0 0 0 0 0 0 0 0
51 门里站着一个人。(猜一个字) 0 0 0 0 0 0 0 0
52 池中没有水，地上没有泥。(猜一个字) 0 0 0 0 0 0 0 0
53 三日之间有人来。(猜一个字) 0 0 0 0 0 0 0 0
54 一字十三点，难再如何点。(猜一个字) 0 0 0 0 0 0 0 0
55 嘴比嘴大，嘴比嘴小。(猜一个字) 0 0 0 0 0 0 0 0
56 你我各一半。(猜一个字) 0 0 0 0 0 0 0 0
57 上看，下看，左看，右看都是木。(猜一个字) 0 0 0 0 0 0 0 0
58 中央一条狗，上下四个口。(猜一个字) 0 0 0 0 0 0 0 0
59 上不在上，下不在下，天没它大，人有它大。(猜一个字) 0 0 0 0 0 0 0 0
60 三人同日来，喜见百花开。(猜一个字) 0 0 0 0 0 0 0 0
61 独具匠心。(猜一个字) 0 0 0 0 0 0 0 0
62 人在太阳下。(猜一个字) 0 0 0 0 0 0 0 0
63 和局。(猜一个字) 0 0 0 0 0 0 0 0
64 九点。(猜一个字) 0 0 0 0 0 0 0 0
65 出手就打。(猜一个字) 0 0 0 0 0 0 0 0
66 说话的技术。(猜一个字) 0 0 0 0 0 0 0 0
67 外面四角，里面十角。(猜一个字) 0 0 0 0 0 0 0 0
68 请勿入口。(猜一个字) 0 0 0 0 0 0 0 0
69 八十八。(猜一个字) 0 0 0 0 0 0 0 0
70 太阳挂在树顶上。(猜一个字) 0 0 0 0 0 0 0 0
71 双木不成林。(猜一个字) 0 0 0 0 0 0 0 0
72 一减一，不是零。(猜一个字) 0 0 0 0 0 0 0 0
73 留下一言,挥手而去。(猜一个字) 0 0 0 0 0 0 0 0
74 表里如一。(猜一个字) 0 0 0 0 0 0 0 0
75 思想不集中。(猜一个字) 0 0 0 0 0 0 0 0
76 失去凡心。(猜一个字) 0 0 0 0 0 0 0 0
77 老树。(猜一个字) 0 0 0 0 0 0 0 0
78 又来一只鸟。(猜一个字) 0 0 0 0 0 0 0 0
79 耳朵夹在门缝里。(猜一个字) 0 0 0 0 0 0 0 0
80 又进村来。(猜一个字) 0 0 0 0 0 0 0 0
81 一人坐田上。(猜一个字) 0 0 0 0 0 0 0 0
82 一日走一里。(猜一个字) 0 0 0 0 0 0 0 0
83 明月半边天。(猜一个字) 0 0 0 0 0 0 0 0
84 鸟落山头不见脚。(猜一个字) 0 0 0 0 0 0 0 0
85 可上可下，他比你大。(猜一个字) 0 0 0 0 0 0 0 0
86 衣服当中有个洞。(猜一个字) 0 0 0 0 0 0 0 0
87 读时是一，用时是二。(猜一个字) 0 0 0 0 0 0 0 0
88 下落。(猜一个字) 0 0 0 0 0 0 0 0
89 无尾羊过河。(猜一个字) 0 0 0 0 0 0 0 0
90 里外都是未知数。(猜一个字) 0 0 0 0 0 0 0 0
91 心上有你。(猜一个字) 0 0 0 0 0 0 0 0
92 岁岁除夕团聚。(猜一个字) 0 0 0 0 0 0 0 0
93 一字有十口，秋风吹它走。(猜一个字) 0 0 0 0 0 0 0 0
94 两口大一点猜一字。(猜一个字) 0 0 0 0 0 0 0 0
95 一头牛两条腿。(猜一个字) 0 0 0 0 0 0 0 0
96 二木有心。(猜一个字) 0 0 0 0 0 0 0 0
97 手托下巴。(猜一个字) 0 0 0 0 0 0 0 0
98 心死相依。(猜一个字) 0 0 0 0 0 0 0 0
99 儿女双全。(猜一个字) 0 0 0 0 0 0 0 0
100 十二点。(猜一个字) 0 0 0 0 0 0 0 0
101 真心相伴。(猜一个字) 0 0 0 0 0 0 0 0
102 大火烧到耳朵边。(猜一个字) 0 0 0 0 0 0 0 0
103 一边有水一边干。(猜一个字) 0 0 0 0 0 0 0 0
104 一大一小。(猜一个字) 0 0 0 0 0 0 0 0
105 一口吃掉牛尾巴。(猜一个字) 0 0 0 0 0 0 0 0
106 天鹅飞去鸟不归。(猜一个字) 0 0 0 0 0 0 0 0
107 太阳王。(猜一个字) 0 0 0 0 0 0 0 0
108 不加口是一口,加一口是九口。(猜一个字) 0 0 0 0 0 0 0 0
109 昨天、今天、明天。(猜一个字) 0 0 0 0 0 0 0 0
110 空山之中一亩田。(猜一个字) 0 0 0 0 0 0 0 0
111 两人力大冲破天。(猜一个字) 0 0 0 0 0 0 0 0
112 傍晚的太阳。(猜一个字) 0 0 0 0 0 0 0 0
113 加把力，就成功。(猜一个字) 0 0 0 0 0 0 0 0
114 因小失大。(猜一个字) 0 0 0 0 0 0 0 0
115 多一点不准。(猜一个字) 0 0 0 0 0 0 0 0
116 要一半，扔一半。(猜一个字) 0 0 0 0 0 0 0 0
117 加了四点只有一点。(猜一个字) 0 0 0 0 0 0 0 0
118 一斤多一点。(猜一个字) 0 0 0 0 0 0 0 0
119 年轻人，志气高，提手就把山搬倒。(猜一个字) 0 0 0 0 0 0 0 0
120 没心思。(猜一个字) 0 0 0 0 0 0 0 0
121 半部春秋。(猜一个字) 0 0 0 0 0 0 0 0
122 有人无人都是你。(猜一个字) 0 0 0 0 0 0 0 0
123 夫人何处去。(猜一个字) 0 0 0 0 0 0 0 0
124 打断念头。(猜一个字) 0 0 0 0 0 0 0 0
125 果断有力。(猜一个字) 0 0 0 0 0 0 0 0
126 黄昏前后。(猜一个字) 0 0 0 0 0 0 0 0
127 四边残缺。(猜一个字) 0 0 0 0 0 0 0 0
128 人人都走横道线。(猜一个字) 0 0 0 0 0 0 0 0
129 一日进一尺。(猜一个字) 0 0 0 0 0 0 0 0
130 大框框不能破。(猜一个字) 0 0 0 0 0 0 0 0
131 凶横。(猜一个字) 0 0 0 0 0 0 0 0
132 存心不善，有口难言。(猜一个字) 0 0 0 0 0 0 0 0
133 值钱不值钱全在这两点。(猜一个字) 0 0 0 0 0 0 0 0
134 添丁进口。(猜一个字) 0 0 0 0 0 0 0 0
135 一曲高歌夕阳下。(猜一个字) 0 0 0 0 0 0 0 0
136 依山傍水。(猜一个字) 0 0 0 0 0 0 0 0
137 旭日不出。(猜一个字) 0 0 0 0 0 0 0 0
138 挥手告别。(猜一个字) 0 0 0 0 0 0 0 0
139 正字少一横，莫作止字猜。(猜一个字) 0 0 0 0 0 0 0 0
140 人不在其位。(猜一个字) 0 0 0 0 0 0 0 0
141 独眼龙。(猜一个字) 0 0 0 0 0 0 0 0
142 日落香残，洗却凡心一点。(猜一个字) 0 0 0 0 0 0 0 0
143 既有头又有尾，中间生了四张嘴。(猜一个字) 0 0 0 0 0 0 0 0
144 一字生的巧，四面八只脚。(猜一个字) 0 0 0 0 0 0 0 0
145 一箭穿心。(猜一个字) 0 0 0 0 0 0 0 0
146 上任之前，落榜之后。(猜一个字) 0 0 0 0 0 0 0 0
147 一个人带着草帽,站在木头上。(猜一个字) 0 0 0 0 0 0 0 0
148 皇帝新衣。(猜一个字) 0 0 0 0 0 0 0 0
149 石达开。(猜一个字) 0 0 0 0 0 0 0 0
150 拱猪入门。(猜一个字) 0 0 0 0 0 0 0 0
151 格外大方。(猜一个字) 0 0 0 0 0 0 0 0
152 走出深闺人结识。(猜一个字) 0 0 0 0 0 0 0 0
153 需要一半,留下一半。(猜一个字) 0 0 0 0 0 0 0 0
154 一点办法都没有。(猜一个字) 0 0 0 0 0 0 0 0
155 一口咬住多半截。(猜一个字) 0 0 0 0 0 0 0 0
156 综合门市。(猜一个字) 0 0 0 0 0 0 0 0
157 一月一日非今天。(猜一个字) 0 0 0 0 0 0 0 0
158 一到两点便起飞。(猜一个字) 0 0 0 0 0 0 0 0
159 为数虽少，却在百万之上。(猜一个字) 0 0 0 0 0 0 0 0
160 二山在一起，猜出便错了。(猜一个字) 0 0 0 0 0 0 0 0
161 四方来合作,贡献大一点。(猜一个字) 0 0 0 0 0 0 0 0
162 哥哥一半大，莫作可字猜。(猜一个字) 0 0 0 0 0 0 0 0
163 劳逸结合。(猜一个字) 0 0 0 0 0 0 0 0
164 独生子。(猜一个字) 0 0 0 0 0 0 0 0
165 有人偷车。(猜一个字) 0 0 0 0 0 0 0 0
166 林字多一半，不当森字猜。(猜一个字) 0 0 0 0 0 0 0 0
167 酿酒之后隔日香。(猜一个字) 0 0 0 0 0 0 0 0
168 半青半紫。(猜一个字) 0 0 0 0 0 0 0 0
169 自己。(猜一个字) 0 0 0 0 0 0 0 0
170 秀才翘尾巴。(猜一个字) 0 0 0 0 0 0 0 0
171 重点支援大西北。(猜一个字) 0 0 0 0 0 0 0 0
172 身残心不残。(猜一个字) 0 0 0 0 0 0 0 0
173 佳人难再得。(猜一个字) 0 0 0 0 0 0 0 0
174 工厂联合面貌新。(猜一个字) 0 0 0 0 0 0 0 0
175 一勾心月伴三星。(猜一个字) 0 0 0 0 0 0 0 0
176 上下挂钩。(猜一个字) 0 0 0 0 0 0 0 0
177 八字头。(猜一个字) 0 0 0 0 0 0 0 0
178 千里挑一,百里挑一。(猜一个字) 0 0 0 0 0 0 0 0
179 4个人搬个木头。(猜一个字) 0 0 0 0 0 0 0 0
180 一人。(猜一个字) 0 0 0 0 0 0 0 0
181 服装展览。(猜一个字) 0 0 0 0 0 0 0 0
182 闺中少女。(猜一个字) 0 0 0 0 0 0 0 0
183 一人挑两小人。(猜一个字) 0 0 0 0 0 0 0 0
184 一人腰上挂把弓。(猜一个字) 0 0 0 0 0 0 0 0
185 连夜造林。(猜一个字) 0 0 0 0 0 0 0 0
186 一斗米。(猜一个字) 0 0 0 0 0 0 0 0
187 你我他。(猜一个字) 0 0 0 0 0 0 0 0
188 一月七日。(猜一个字) 0 0 0 0 0 0 0 0
189 龋齿。(猜一个字) 0 0 0 0 0 0 0 0
190 一加一。(猜一个字) 0 0 0 0 0 0 0 0
191 少了一点良心。(猜一个字) 0 0 0 0 0 0 0 0
192 烟缸。(猜一个字) 0 0 0 0 0 0 0 0
193 一百减一。(猜一个字) 0 0 0 0 0 0 0 0
194 一夜又一夜。(猜一个字) 0 0 0 0 0 0 0 0
195 个人搬两个土。(猜一个字) 0 0 0 0 0 0 0 0
196 一个礼拜。(猜一个字) 0 0 0 0 0 0 0 0
197 一家十一口。(猜一个字) 0 0 0 0 0 0 0 0
198 自小在一起，目前少联系。(猜一个字) 0 0 0 0 0 0 0 0
199 一只牛。(猜一个字) 0 0 0 0 0 0 0 0
200 日本兵。(猜一个字) 0 0 0 0 0 0 0 0
201 差一点六斤。(猜一个字) 0 0 0 0 0 0 0 0
202 一字口十八。(猜一个字) 0 0 0 0 0 0 0 0
203 七人八只眼。(猜一个字) 0 0 0 0 0 0 0 0
204 七人头上长了草。(猜一个字) 0 0 0 0 0 0 0 0
205 有水无味,没有它就热。(猜一个字) 0 0 0 0 0 0 0 0
206 河边有只鸡。(猜一个字) 0 0 0 0 0 0 0 0
207 九号。(猜一个字) 0 0 0 0 0 0 0 0
208 九辆车。(猜一个字) 0 0 0 0 0 0 0 0
209 我的心。(猜一个字) 0 0 0 0 0 0 0 0
210 脱贫之后人变样。(猜一个字) 0 0 0 0 0 0 0 0
211 人不在其位。(猜一个字) 0 0 0 0 0 0 0 0
212 人有他则变大。(猜一个字) 0 0 0 0 0 0 0 0
213 听其马鸣当思念。(猜一个字) 0 0 0 0 0 0 0 0
214 人我不分。(猜一个字) 0 0 0 0 0 0 0 0
215 人无寸铁。(猜一个字) 0 0 0 0 0 0 0 0
216 人无信不立。(猜一个字) 0 0 0 0 0 0 0 0
217 八兄弟同赏月。(猜一个字) 0 0 0 0 0 0 0 0
218 刀出鞘。(猜一个字) 0 0 0 0 0 0 0 0
219 十一个读书人。(猜一个字) 0 0 0 0 0 0 0 0
220 半是机遇半是缘。(猜一个字) 0 0 0 0 0 0 0 0
221 三人两口一匹马。(猜一个字) 0 0 0 0 0 0 0 0
222 三张纸。(猜一个字) 0 0 0 0 0 0 0 0
223 外孙。(猜一个字) 0 0 0 0 0 0 0 0
224 停步。(猜一个字) 0 0 0 0 0 0 0 0
225 驼背。(猜一个字) 0 0 0 0 0 0 0 0
226 朝阳。(猜一个字) 0 0 0 0 0 0 0 0
227 拆书。(猜一个字) 0 0 0 0 0 0 0 0
228 沙眼。(猜一个字) 0 0 0 0 0 0 0 0
229 岳父。(猜一个字) 0 0 0 0 0 0 0 0
230 狗洞。(猜一个字) 0 0 0 0 0 0 0 0
231 茅屋。(猜一个字) 0 0 0 0 0 0 0 0
232 将相和。(猜一个字) 0 0 0 0 0 0 0 0
233 空心树。(猜一个字) 0 0 0 0 0 0 0 0
234 出口处。(猜一个字) 0 0 0 0 0 0 0 0
235 一对红。(猜一个字) 0 0 0 0 0 0 0 0
236 贴心店。(猜一个字) 0 0 0 0 0 0 0 0
237 倒栽杏。(猜一个字) 0 0 0 0 0 0 0 0
238 秃头笔。(猜一个字) 0 0 0 0 0 0 0 0
239 倒勾射门连进三球。(猜一个字) 0 0 0 0 0 0 0 0
240 有脚有手，贼难逃走。(猜一个字) 0 0 0 0 0 0 0 0
241 有人就笑。(猜一个字) 0 0 0 0 0 0 0 0
242 又变心了。(猜一个字) 0 0 0 0 0 0 0 0
243 眼看田上长青草。(猜一个字) 0 0 0 0 0 0 0 0
244 一旦有心，便能持久。(猜一个字) 0 0 0 0 0 0 0 0
245 一斗有余。(猜一个字) 0 0 0 0 0 0 0 0
246 一共填两横。(猜一个字) 0 0 0 0 0 0 0 0
247 一去就当元帅。(猜一个字) 0 0 0 0 0 0 0 0
248 添丁进口。(猜一个字) 0 0 0 0 0 0 0 0
249 田中。(猜一个字) 0 0 0 0 0 0 0 0
250 土上有竹林，土下一寸金。(猜一个字) 0 0 0 0 0 0 0 0
251 我有一条狗，只管跟人走，若要见到它，除非六月有。(猜一个字) 0 0 0 0 0 0 0 0
252 学子远去，又见归来。(猜一个字) 0 0 0 0 0 0 0 0
253 森林大火。(猜一个字) 0 0 0 0 0 0 0 0
254 石头成堆。(猜一个字) 0 0 0 0 0 0 0 0
255 水上人家。(猜一个字) 0 0 0 0 0 0 0 0
256 说出圆又圆，写出是九点。(猜一个字) 0 0 0 0 0 0 0 0
257 撕掉画皮。(猜一个字) 0 0 0 0 0 0 0 0
258 太阳出来了。(猜一个字) 0 0 0 0 0 0 0 0
259 女儿出了嫁。(猜一个字) 0 0 0 0 0 0 0 0
260 人人离座。(猜一个字) 0 0 0 0 0 0 0 0
261 人要闯进马要放。(猜一个字) 0 0 0 0 0 0 0 0
262 开窗乘风凉，门下立大将，你说楚霸王，我说关云长。(猜一个字) 0 0 0 0 0 0 0 0
263 两把牙刷都断了，背靠背来墙上挂。(猜一个字) 0 0 0 0 0 0 0 0
264 两个月。(猜一个字) 0 0 0 0 0 0 0 0
265 龙袍。(猜一个字) 0 0 0 0 0 0 0 0
266 人在草木中。(猜一个字) 0 0 0 0 0 0 0 0
267 拿不出手。(猜一个字) 0 0 0 0 0 0 0 0
268 你多心了。(猜一个字) 0 0 0 0 0 0 0 0
269 凤冠。(猜一个字) 0 0 0 0 0 0 0 0
270 公字当头。(猜一个字) 0 0 0 0 0 0 0 0
271 拱手让人。(猜一个字) 0 0 0 0 0 0 0 0
272 户口。(猜一个字) 0 0 0 0 0 0 0 0
273 花园四角方，里面真荒唐，只有一棵树，种在园中央。(猜一个字) 0 0 0 0 0 0 0 0
274 大小一一俱全。(猜一个字) 0 0 0 0 0 0 0 0
275 宝岛姑娘。(猜一个字) 0 0 0 0 0 0 0 0
276 宝玉出走，袭人无衣。(猜一个字) 0 0 0 0 0 0 0 0
277 俺大人不在。(猜一个字) 0 0 0 0 0 0 0 0
278 音象是五，笔画是五，意是第五。(猜一个字) 0 0 0 0 0 0 0 0
279 摘掉穷帽展双眉。(猜一个字) 0 0 0 0 0 0 0 0
280 十滴水。(猜一个字) 0 0 0 0 0 0 0 0
281 翻翼翱翔处处有。(猜一个字) 0 0 0 0 0 0 0 0
282 关门大吉。(猜一个字) 0 0 0 0 0 0 0 0
283 一借再借。(猜一个字) 0 0 0 0 0 0 0 0
284 一个不出头，两个不出头，三个不出头。(猜一个字) 0 0 0 0 0 0 0 0
285 男女平等。(猜一个字) 0 0 0 0 0 0 0 0
286 上边一块田，下边一条川。(猜一个字) 0 0 0 0 0 0 0 0
287 十五天。(猜一个字) 0 0 0 0 0 0 0 0
288 木在口中栽，莫把困来猜，呆杏都不是，猜中是秀才。(猜一个字) 0 0 0 0 0 0 0 0
289 一点一横梁，两边挂铃铛，上字颠颠倒，人字拉拉长。(猜一个字) 0 0 0 0 0 0 0 0
290 田里跑到田外，不能当作古字猜。(猜一个字) 0 0 0 0 0 0 0 0
291 一边软如纸，一边硬如铁，软的做鞋穿，硬的把墙磊。(猜一个字) 0 0 0 0 0 0 0 0
292 一边绿，一边红；一边喜雨，一边喜风；喜风的怕水，喜雨的怕虫。(猜一个字) 0 0 0 0 0 0 0 0
293 桌一半，凳一半。(猜一个字) 0 0 0 0 0 0 0 0
294 遇水则清，遇火则明。(猜一个字) 0 0 0 0 0 0 0 0
295 花草凋零。(猜一个字) 0 0 0 0 0 0 0 0
296 三人同骑无角牛。(猜一个字) 0 0 0 0 0 0 0 0
297 点点萤火照江边。(猜一个字) 0 0 0 0 0 0 0 0
298 上边十一口，下边二十口，上下合走来，遇事总不愁。(猜一个字) 0 0 0 0 0 0 0 0
299 傻子。(猜一个字) 0 0 0 0 0 0 0 0
300 叔叔一只眼，百事都爱管。(猜一个字) 0 0 0 0 0 0 0 0
301 千里相逢。(猜一个字) 0 0 0 0 0 0 0 0
302 一边大一边小，一边跳一边跑，一边吃肉一边吃草，一边难追一边难找。(猜一个字) 0 0 0 0 0 0 0 0
303 有心跑不快，有草割不完。(猜一个字) 0 0 0 0 0 0 0 0
304 喜上眉梢。(猜一个字) 0 0 0 0 0 0 0 0
305 下边连上，上边连下，看上看下，不分上下。(猜一个字) 0 0 0 0 0 0 0 0
306 重逢。(猜一个字) 0 0 0 0 0 0 0 0
307 有眼看不见，有心记不牢。(猜一个字) 0 0 0 0 0 0 0 0
308 男宾止步。(猜一个字) 0 0 0 0 0 0 0 0
309 上上下下，不上不下。(猜一个字) 0 0 0 0 0 0 0 0
310 再会。(猜一个字) 0 0 0 0 0 0 0 0
311 三个口不是品。(猜一个字) 0 0 0 0 0 0 0 0
312 三丫头。(猜一个字) 0 0 0 0 0 0 0 0
313 一横一竖，一拐弯，四只小猪来吃奶。(猜一个字) 0 0 0 0 0 0 0 0
314 床前明月光。(猜一个字) 0 0 0 0 0 0 0 0
315 明天日全食。(猜一个字) 0 0 0 0 0 0 0 0
316 半点也没有。(猜一个字) 0 0 0 0 0 0 0 0
317 午后多云有雨打一字。(猜一个字) 0 0 0 0 0 0 0 0
318 休要丢人现眼。(猜一个字) 0 0 0 0 0 0 0 0
319 千言万语。(猜一个字) 0 0 0 0 0 0 0 0
320 点心。(猜一个字) 0 0 0 0 0 0 0 0
321 圣旨。(猜一个字) 0 0 0 0 0 0 0 0
322 夫人回娘家，头带两朵花，去了一月整，骑马转回家（猜一字。(猜一个字) 0 0 0 0 0 0 0 0
323 十口连心。(猜一个字) 0 0 0 0 0 0 0 0
324 老友。(猜一个字) 0 0 0 0 0 0 0 0
325 三横、三竖、三撇、三捺。(猜一个字) 0 0 0 0 0 0 0 0
326 倒数第一。(猜一个字) 0 0 0 0 0 0 0 0
327 不是木，仔细瞅，能喝水，能漱口。(猜一个字) 0 0 0 0 0 0 0 0
328 村头桥边柳枝斜。(猜一个字) 0 0 0 0 0 0 0 0
329 前前后后一条心。(猜一个字) 0 0 0 0 0 0 0 0
330 春夏之交。(猜一个字) 0 0 0 0 0 0 0 0
331 一撇一撇又一撇，一捺一捺又一捺。(猜一个字) 0 0 0 0 0 0 0 0
332 西夏姜女。(猜一个字) 0 0 0 0 0 0 0 0
333 耳边有人。(猜一个字) 0 0 0 0 0 0 0 0
334 自言自语。(猜一个字) 0 0 0 0 0 0 0 0
335 十件家具。(猜一个字) 0 0 0 0 0 0 0 0
336 银白勺子。(猜一个字) 0 0 0 0 0 0 0 0
337 再次同居。(猜一个字) 0 0 0 0 0 0 0 0
338 白儿左边虫无脚。(猜一个字) 0 0 0 0 0 0 0 0
339 先写十一点，再写点十一。(猜一个字) 0 0 0 0 0 0 0 0
340 王大娘和白大娘，挨肩坐在石头上。(猜一个字) 0 0 0 0 0 0 0 0
341 不是男孩。(猜一个字) 0 0 0 0 0 0 0 0
342 迁来一口。(猜一个字) 0 0 0 0 0 0 0 0
343 后来者居下。(猜一个字) 0 0 0 0 0 0 0 0
344 课桌椅样样齐备。(猜一个字) 0 0 0 0 0 0 0 0
345 一口咬定。(猜一个字) 0 0 0 0 0 0 0 0
346 水上码头。(猜一个字) 0 0 0 0 0 0 0 0
347 发生大火划禁区。(猜一个字) 0 0 0 0 0 0 0 0
348 大厂用电多一点。(猜一个字) 0 0 0 0 0 0 0 0
349 欲话无言听流水。(猜一个字) 0 0 0 0 0 0 0 0
350 贫农分贝之后。(猜一个字) 0 0 0 0 0 0 0 0
351 中央电视台长出一棵草。(猜一个字) 0 0 0 0 0 0 0 0
352 人民建筑。(猜一个字) 0 0 0 0 0 0 0 0
353 一千零一夜。(猜一个字) 0 0 0 0 0 0 0 0
354 床前明月光。(猜一个字) 0 0 0 0 0 0 0 0
355 一来再来。(猜一个字) 0 0 0 0 0 0 0 0
356 不是冤家也碰头。(猜一个字) 0 0 0 0 0 0 0 0
357 贪前稍变就成穷。(猜一个字) 0 0 0 0 0 0 0 0
358 银川。(猜一个字) 0 0 0 0 0 0 0 0
359 三个星期。(猜一个字) 0 0 0 0 0 0 0 0
360 守门员。(猜一个字) 0 0 0 0 0 0 0 0
361 本末倒置。(猜一个字) 0 0 0 0 0 0 0 0
362 除去半边，还存半边。(猜一个字) 0 0 0 0 0 0 0 0
363 一官半职。(猜一个字) 0 0 0 0 0 0 0 0
364 总不留心，要栽跟头。(猜一个字) 0 0 0 0 0 0 0 0
365 自小便虚心。(猜一个字) 0 0 0 0 0 0 0 0
366 一撇一竖一点。(猜一个字) 0 0 0 0 0 0 0 0
367 君入罗网安可脱。(猜一个字) 0 0 0 0 0 0 0 0
368 干涉。(猜一个字) 0 0 0 0 0 0 0 0
369 林海无边。(猜一个字) 0 0 0 0 0 0 0 0
370 一半儿。(猜一个字) 0 0 0 0 0 0 0 0
371 周末晚会。(猜一个字) 0 0 0 0 0 0 0 0
372 言出必行。(猜一个字) 0 0 0 0 0 0 0 0
373 2＋6。(猜一个字) 0 0 0 0 0 0 0 0
374 太阳的儿子。(猜一个字) 0 0 0 0 0 0 0 0
375 一家有七口,种田种一亩,自己吃不够,还养一条狗。(猜一个字) 0 0 0 0 0 0 0 0
376 一根木棍,吊个方箱,一把梯子,搭在中央。(猜一个字) 0 0 0 0 0 0 0 0
377 男人的世界。(猜一个字) 0 0 0 0 0 0 0 0
378 一点一横长,一撇到南洋,南洋有个人,只有一寸长。(猜一个字) 0 0 0 0 0 0 0 0
379 十八中有口。(猜一个字) 0 0 0 0 0 0 0 0
380 二八佳人。(猜一个字) 0 0 0 0 0 0 0 0
381 二兄弟,各自立。(猜一个字) 0 0 0 0 0 0 0 0
382 分析成立。(猜一个字) 0 0 0 0 0 0 0 0
383 人都到了。(猜一个字) 0 0 0 0 0 0 0 0
384 窗前乍见晚梅开。(猜一个字) 0 0 0 0 0 0 0 0
385 十载相思风雨间。(猜一个字) 0 0 0 0 0 0 0 0
386 十五人。(猜一个字) 0 0 0 0 0 0 0 0
387 歌喉半衰犹夸口。(猜一个字) 0 0 0 0 0 0 0 0
388 十元买早餐,八元买豆干。(猜一个字) 0 0 0 0 0 0 0 0
389 相依为命为一人。(猜一个字) 0 0 0 0 0 0 0 0
390 爱心欲献大牛哥，可否，可否？。(猜一个字) 0 0 0 0 0 0 0 0
391 十字架下三个人。(猜一个字) 0 0 0 0 0 0 0 0
392 白首同心玫瑰前。(猜一个字) 0 0 0 0 0 0 0 0
393 趵突水泻溅玉珠。(猜一个字) 0 0 0 0 0 0 0 0
394 春色满，雁阵斜，十分相思暗寄。(猜一个字) 0 0 0 0 0 0 0 0
395 焚书。(猜一个字) 0 0 0 0 0 0 0 0
396 鼓掌。(猜一个字) 0 0 0 0 0 0 0 0
397 排对。(猜一个字) 0 0 0 0 0 0 0 0
398 十二月。(猜一个字) 0 0 0 0 0 0 0 0
399 三十天。(猜一个字) 0 0 0 0 0 0 0 0
400 广寒宫。(猜一个字) 0 0 0 0 0 0 0 0
401 候车站。(猜一个字) 0 0 0 0 0 0 0 0
402 底线传中，抢点射门。(猜一个字) 0 0 0 0 0 0 0 0
403 披衣人翻墙。(猜一个字) 0 0 0 0 0 0 0 0
404 有只小牛个头低，站着只有一尺一。(猜一个字) 0 0 0 0 0 0 0 0
405 一曲高歌夕阳下。(猜一个字) 0 0 0 0 0 0 0 0
406 投稿。(猜一个字) 0 0 0 0 0 0 0 0
407 无头无尾一亩田。(猜一个字) 0 0 0 0 0 0 0 0
408 向左一直去。(猜一个字) 0 0 0 0 0 0 0 0
409 阎罗王。(猜一个字) 0 0 0 0 0 0 0 0
410 十女同耕半亩田。(猜一个字) 0 0 0 0 0 0 0 0
411 泼水节。(猜一个字) 0 0 0 0 0 0 0 0
412 普通话。(猜一个字) 0 0 0 0 0 0 0 0
413 秦王一刀杀三人。(猜一个字) 0 0 0 0 0 0 0 0
414 去一人还有口，去一口还有人。(猜一个字) 0 0 0 0 0 0 0 0
415 日复一日。(猜一个字) 0 0 0 0 0 0 0 0
416 加一半，减一半。(猜一个字) 0 0 0 0 0 0 0 0
417 立在二日旁，反而没有光。(猜一个字) 0 0 0 0 0 0 0 0
418 两个幼童去砍柴，没有力气坎不来，画家又怕人笑话，躲在山中不出来。(猜一个字) 0 0 0 0 0 0 0 0
419 干在前头利在后。(猜一个字) 0 0 0 0 0 0 0 0
420 给一半，留一半。(猜一个字) 0 0 0 0 0 0 0 0
421 此字真特别，竟是一万多撇。(猜一个字) 0 0 0 0 0 0 0 0
422 打破框框，发现人才。(猜一个字) 0 0 0 0 0 0 0 0
423 火烧衡山。(猜一个字) 0 0 0 0 0 0 0 0
424 边打边谈。(猜一个字) 0 0 0 0 0 0 0 0
425 部位相反。(猜一个字) 0 0 0 0 0 0 0 0
426 菜田除草。(猜一个字) 0 0 0 0 0 0 0 0
427 草上飞。(猜一个字) 0 0 0 0 0 0 0 0
428 长期住在医院。(猜一个字) 0 0 0 0 0 0 0 0
429 闯王失马。(猜一个字) 0 0 0 0 0 0 0 0
430 勾兑沽酒不沾水。(猜一个字) 0 0 0 0 0 0 0 0
431 矮冬瓜。(猜一个字) 0 0 0 0 0 0 0 0
432 只盼一生为人正。(猜一个字) 0 0 0 0 0 0 0 0
433 两山相对，两山向北。(猜一个字) 0 0 0 0 0 0 0 0
434 已是有目共睹，何必诸位多言。(猜一个字) 0 0 0 0 0 0 0 0
435 一亏损就锁愁眉。(猜一个字) 0 0 0 0 0 0 0 0
436 一抹夕阳别样红。(猜一个字) 0 0 0 0 0 0 0 0
437 上岗必戴安全帽。(猜一个字) 0 0 0 0 0 0 0 0
438 下班之后园中留。(猜一个字) 0 0 0 0 0 0 0 0
439 有言在先弃前嫌。(猜一个字) 0 0 0 0 0 0 0 0
440 身无彩凤双飞翼，心有灵犀一点通。(猜一个字) 0 0 0 0 0 0 0 0
441 声泪俱下士作别。(猜一个字) 0 0 0 0 0 0 0 0
442 史书上要载一笔。(猜一个字) 0 0 0 0 0 0 0 0
443 四分梅花三分雪。(猜一个字) 0 0 0 0 0 0 0 0
444 少了一点，全都不要。(猜一个字) 0 0 0 0 0 0 0 0
445 积少只为多。(猜一个字) 0 0 0 0 0 0 0 0
446 何必出口又伤人。(猜一个字) 0 0 0 0 0 0 0 0
447 佛离人去人即佛。(猜一个字) 0 0 0 0 0 0 0 0
448 一人之下，万人之上。(猜一个字) 0 0 0 0 0 0 0 0
449 几度装点也平常。(猜一个字) 0 0 0 0 0 0 0 0
450 长安月一弯。(猜一个字) 0 0 0 0 0 0 0 0
451 六根清净去凡心。(猜一个字) 0 0 0 0 0 0 0 0
452 寡妇门前生醋意。(猜一个字) 0 0 0 0 0 0 0 0
453 一了百了。(猜一个字) 0 0 0 0 0 0 0 0
454 少了孩子多植树。(猜一个字) 0 0 0 0 0 0 0 0
455 清楚诽言心安定。(猜一个字) 0 0 0 0 0 0 0 0
456 门前沟。(猜一个字) 0 0 0 0 0 0 0 0
457 人钻钱眼似入牢。(猜一个字) 0 0 0 0 0 0 0 0
458 挥手告别，来日相会。(猜一个字) 0 0 0 0 0 0 0 0
459 层云散尽重山现。(猜一个字) 0 0 0 0 0 0 0 0
460 连日有雨。(猜一个字) 0 0 0 0 0 0 0 0
461 心上亦靠近，相爱感情深。(猜一个字) 0 0 0 0 0 0 0 0
462 先受贿，后受刑。(猜一个字) 0 0 0 0 0 0 0 0
463 一旦结合要贴心。(猜一个字) 0 0 0 0 0 0 0 0
464 门旁边，站个人，说他不是一个人。(猜一个字) 0 0 0 0 0 0 0 0
465 只要半个多，待到太阳落。(猜一个字) 0 0 0 0 0 0 0 0
466 其人做作，其言有诈，怎能安好心。(猜一个字) 0 0 0 0 0 0 0 0
467 琵琶琴瑟各成双。(猜一个字) 0 0 0 0 0 0 0 0
468 十口之家户不满。(猜一个字) 0 0 0 0 0 0 0 0
469 湿柴。(猜一个字) 0 0 0 0 0 0 0 0
470 石出头，不是右。(猜一个字) 0 0 0 0 0 0 0 0
471 实现大统一。(猜一个字) 0 0 0 0 0 0 0 0
472 书香门第。(猜一个字) 0 0 0 0 0 0 0 0
473 市场无有，店堂里有。(猜一个字) 0 0 0 0 0 0 0 0
474 手持单刀一口。(猜一个字) 0 0 0 0 0 0 0 0
475 双手一挥，说声再见。(猜一个字) 0 0 0 0 0 0 0 0
476 樱桃小嘴。(猜一个字) 0 0 0 0 0 0 0 0
477 因非得罪。(猜一个字) 0 0 0 0 0 0 0 0
478 因小失大。(猜一个字) 0 0 0 0 0 0 0 0
479 用心就懂。(猜一个字) 0 0 0 0 0 0 0 0
480 猴子戴帽当法官。(猜一个字) 0 0 0 0 0 0 0 0
481 见其反复，疑是小人。(猜一个字) 0 0 0 0 0 0 0 0